accuracy: [0.7688060402870178, 0.8186838030815125, 0.8396849632263184, 0.8586946725845337, 0.875531792640686, 0.8889291286468506, 0.8971666693687439, 0.9056757688522339, 0.9142753481864929, 0.9175341725349426]
loss: [0.4734218120574951, 0.3964942693710327, 0.36118587851524353, 0.3328409492969513, 0.308828741312027, 0.28806084394454956, 0.2705833613872528, 0.2545703053474426, 0.24201418459415436, 0.23074743151664734]
val_accuracy: [0.8312205672264099, 0.8594712018966675, 0.8793915510177612, 0.9014849662780762, 0.9152480959892273, 0.9228540658950806, 0.9264759421348572, 0.9304599761962891, 0.9282868504524231, 0.9311843514442444]
val_loss: [0.3822600245475769, 0.3305325508117676, 0.29643481969833374, 0.2700877785682678, 0.2502205967903137, 0.23150384426116943, 0.21831519901752472, 0.20709159970283508, 0.20033913850784302, 0.19405287504196167]
