accuracy: [0.7545940279960632, 0.7990404367446899, 0.8161491751670837, 0.8318095207214355, 0.8439395427703857, 0.8532633185386658, 0.8624060750007629, 0.8612293004989624, 0.8707341551780701, 0.8729971647262573]
loss: [0.48830798268318176, 0.4272180199623108, 0.40089502930641174, 0.38153859972953796, 0.36490321159362793, 0.35173025727272034, 0.3373287320137024, 0.3289521634578705, 0.3203694224357605, 0.3141869008541107]
val_accuracy: [0.8018833994865417, 0.8377399444580078, 0.8580224514007568, 0.8775805830955505, 0.8779428005218506, 0.8982253074645996, 0.8808403015136719, 0.9014849662780762, 0.8935168385505676, 0.9051068425178528]
val_loss: [0.41113704442977905, 0.37029385566711426, 0.3400369882583618, 0.31721070408821106, 0.3054203987121582, 0.28929299116134644, 0.2922614514827728, 0.27586132287979126, 0.2733805477619171, 0.2590009868144989]
