accuracy: [0.7381189465522766, 0.7380284070968628, 0.7380284070968628, 0.7395672798156738, 0.7380284070968628, 0.7367610931396484, 0.7405630350112915, 0.7392052412033081, 0.7383905053138733, 0.7374852895736694]
loss: [0.56890469789505, 0.554157555103302, 0.5410321354866028, 0.5356999039649963, 0.5329442024230957, 0.5284358263015747, 0.5286021828651428, 0.5258315205574036, 0.5241374373435974, 0.5218715071678162]
val_accuracy: [0.7381383776664734, 0.7381383776664734, 0.7385005354881287, 0.7381383776664734, 0.739587128162384, 0.7500905394554138, 0.7381383776664734, 0.7381383776664734, 0.7381383776664734, 0.7421224117279053]
val_loss: [0.5460097789764404, 0.5286960601806641, 0.5204705595970154, 0.5100177526473999, 0.49974489212036133, 0.49837177991867065, 0.5084694027900696, 0.4988246262073517, 0.49967384338378906, 0.492318719625473]
