accuracy: [0.7381189465522766, 0.7382094860076904, 0.7381189465522766, 0.7391147017478943, 0.7405630350112915, 0.7420114278793335, 0.7449986338615417, 0.7452701926231384, 0.747895359992981, 0.7493436932563782]
loss: [0.5642161965370178, 0.5467379689216614, 0.52930748462677, 0.5205386877059937, 0.5101768970489502, 0.5036657452583313, 0.4975939393043518, 0.4949060380458832, 0.4877760708332062, 0.4860393702983856]
val_accuracy: [0.7381383776664734, 0.7381383776664734, 0.7381383776664734, 0.7403115034103394, 0.7613183856010437, 0.7385005354881287, 0.7381383776664734, 0.7808765172958374, 0.7736327648162842, 0.7529880404472351]
val_loss: [0.565406084060669, 0.5098288059234619, 0.5019535422325134, 0.47878652811050415, 0.47091811895370483, 0.46473386883735657, 0.4663347601890564, 0.44896984100341797, 0.4431097209453583, 0.4444756805896759]
